UserID,Outcome1ID,Outcome2ID
1,10,169
1,11,126
1,9,89
1,16,126
1,46,148
1,49,113
1,55,149
1,11,138
1,64,147
1,49,79
1,21,173
1,75,162
1,105,168
1,37,152
1,36,77
1,6,148
1,43,153
1,51,167
1,8,110
1,12,135
1,118,170
1,5,121
1,52,68
1,124,144
1,23,117
1,45,117
1,2,78
1,17,142
1,82,152
1,89,169
1,2,101
1,12,157
1,71,136
1,23,64
1,4,156
1,25,166
1,11,82
1,12,120
1,8,139
1,49,153
1,30,82
1,99,149
1,56,120
1,44,63
1,28,143
1,110,144
1,61,161
1,77,159
1,30,103
1,125,177
1,33,149
1,19,173
1,115,151
1,25,148
1,86,166
1,29,116
1,31,88
1,22,148
1,85,174
1,6,61
1,103,167
1,20,97
1,59,95
1,24,151
1,19,112
1,30,104
1,120,134
1,57,125
1,2,155
1,3,116
1,129,178
1,25,127
1,78,157
1,84,175
1,30,112
1,24,100
1,40,159
1,11,99
1,73,141
1,96,143
1,31,174
1,21,155
1,2,63
1,56,97
1,8,76
1,20,168
1,72,150
1,80,152
1,7,72
1,15,71
1,18,74
1,53,112
1,25,108
1,28,114
1,95,149
1,7,143
1,46,137
1,45,71
1,35,151
1,11,135
1,32,78
1,123,146
1,7,109
1,44,90
1,20,130
1,23,95
1,66,140
1,25,151
1,7,135
1,18,81
1,78,134
1,39,132
1,29,100
1,34,122
1,93,141
1,56,82
1,31,122
1,123,172
1,41,176
1,7,163
1,33,89
1,76,136
1,20,155
1,27,73
1,16,93
1,96,168
1,31,65
1,51,170
1,97,152
1,49,63
1,46,161
1,129,135
1,71,157
1,25,132
1,100,149
1,86,132
1,52,151
1,2,113
1,25,73
1,20,146
1,51,141
1,9,67
1,11,96
1,37,130
1,43,121
1,56,138
1,95,172
1,34,136
1,1,62
1,22,109
1,18,140
1,67,131
1,93,157
1,127,147
1,35,101
1,51,104
1,94,136
1,80,158
1,54,68
1,41,150
1,9,167
1,32,65
1,39,176
1,48,100
1,5,117
1,98,139
1,111,143
1,59,93
1,47,78
1,38,93
1,37,80
1,29,135
1,9,139
1,43,106
1,104,144
1,3,88
1,9,71
1,98,160
1,32,172
1,30,164
1,54,149
1,3,114
1,31,82
1,25,69
1,6,110
1,24,122
1,128,175
1,86,158
1,99,168
1,108,175
1,33,167
1,15,102
1,66,143
1,43,101
1,65,145
1,21,139
1,43,118
1,51,85
1,88,178
1,45,74
1,1,112
1,16,60
1,75,167
1,9,88
1,69,134
1,58,107
1,51,80
1,83,162
1,18,72
1,93,167
1,41,147
1,45,75
1,42,96
1,16,94
1,25,66
1,32,122
1,6,116
1,80,138
1,21,156
1,97,142
1,58,86
1,7,84
1,31,113
1,55,105
1,19,132
1,118,140
1,80,163
1,97,169
1,85,171
1,12,150
1,53,138
1,64,167
1,9,160
1,79,143
1,2,166
1,26,70
1,111,156
1,51,120
1,36,153
1,105,139
1,53,70
1,47,71
1,74,141
1,21,118
1,81,151
1,1,118
1,47,139
1,51,61
1,11,131
1,23,154
