UserID,Outcome1ID,Outcome2ID
1,17,162
1,35,74
1,22,95
1,38,148
1,26,120
1,119,162
1,16,127
1,93,176
1,35,129
1,67,168
1,102,174
1,116,158
1,17,116
1,14,65
1,46,122
1,13,77
1,121,142
1,121,143
1,11,111
1,125,174
1,51,147
1,57,93
1,39,160
1,49,152
1,62,141
1,57,124
1,12,154
1,48,82
1,59,128
1,42,99
1,49,170
1,44,122
1,49,130
1,122,147
1,48,168
1,41,161
1,57,116
1,31,131
1,14,70
1,89,157
1,42,92
1,39,97
1,39,100
1,1,147
1,37,116
1,34,90
1,18,171
1,89,148
1,5,135
1,45,173
1,51,67
1,47,175
1,14,68
1,101,155
1,59,91
1,84,157
1,28,132
1,72,169
1,49,174
1,10,60
1,38,105
1,87,162
1,87,143
1,56,74
1,87,142
1,110,174
1,108,153
1,77,147
1,45,77
1,48,142
1,40,112
1,107,155
1,29,142
1,103,154
1,4,157
1,79,142
1,5,145
1,6,68
1,32,159
1,36,119
1,42,68
1,66,141
1,14,61
1,113,140
1,46,157
1,38,72
1,130,172
1,68,173
1,23,78
1,59,125
1,15,94
1,122,149
1,40,139
1,78,143
1,33,104
1,124,176
1,67,169
1,31,127
1,49,99
1,39,104
1,5,141
1,126,141
1,11,127
1,21,74
1,56,116
1,29,153
1,1,95
1,54,156
1,34,60
1,36,89
1,130,157
1,57,111
1,35,97
1,108,154
1,55,79
1,50,84
1,40,145
1,24,147
1,123,164
1,46,76
1,8,140
1,49,149
1,30,151
1,95,171
1,107,172
1,74,162
1,111,163
1,5,146
1,66,168
1,25,136
1,55,175
1,31,91
1,13,96
1,104,145
1,34,109
1,116,162
1,47,111
1,121,149
1,124,178
1,12,63
1,125,154
1,82,163
1,97,160
1,31,117
1,12,149
1,120,133
1,49,67
1,22,119
1,50,74
1,1,149
1,44,158
1,56,141
1,10,127
1,26,117
1,36,139
1,92,153
1,121,162
1,31,129
1,88,140
1,12,96
1,51,102
1,89,137
1,75,139
1,32,62
1,34,139
1,2,117
1,43,104
1,26,130
1,55,97
1,8,126
1,83,147
1,62,177
1,23,133
1,125,139
1,42,72
1,89,156
1,70,145
1,50,125
1,54,86
1,31,123
1,18,113
1,8,121
1,112,160
1,10,109
1,117,135
1,27,91
1,53,94
1,18,95
1,48,154
1,16,125
1,44,132
1,34,166
1,61,177
1,17,97
1,102,144
1,35,73
1,94,160
1,93,173
1,11,119
1,14,103
1,108,167
1,14,90
1,50,111
1,68,168
1,110,143
1,12,80
1,54,160
1,97,158
1,47,147
1,20,102
1,55,101
1,111,161
1,90,167
1,50,165
1,54,101
1,39,63
1,33,168
1,66,142
1,123,161
1,115,159
1,40,64
1,90,171
1,71,174
1,13,172
1,13,80
1,9,128
1,98,170
1,92,174
1,92,164
1,18,62
1,12,111
1,10,72
1,3,83
1,84,135
1,68,140
1,10,132
1,59,169
1,96,142
1,22,99
1,55,121
1,19,168
1,53,121
1,46,114
1,96,177
1,53,133
1,124,153
1,49,77
1,114,157
1,37,142
1,12,169
