UserID,Outcome1ID,Outcome2ID
1,10,69
1,72,168
1,2,84
1,16,169
1,39,128
1,11,177
1,17,74
1,123,156
1,128,176
1,33,77
1,3,90
1,100,172
1,113,146
1,54,81
1,11,174
1,39,90
1,30,126
1,66,146
1,106,137
1,37,78
1,32,61
1,1,73
1,107,159
1,4,130
1,67,147
1,40,74
1,27,171
1,39,114
1,19,145
1,15,65
1,107,143
1,34,127
1,45,105
1,3,153
1,41,91
1,32,108
1,77,160
1,61,156
1,9,159
1,18,111
1,50,130
1,10,88
1,126,161
1,61,174
1,43,120
1,56,178
1,63,178
1,2,119
1,2,122
1,79,164
1,108,165
1,111,135
1,23,139
1,54,91
1,86,160
1,40,104
1,25,175
1,95,173
1,130,174
1,2,72
1,46,174
1,35,116
1,35,87
1,10,140
1,36,158
1,52,119
1,45,79
1,3,144
1,37,85
1,20,154
1,4,83
1,94,168
1,121,171
1,9,120
1,21,63
1,16,81
1,18,85
1,81,174
1,16,157
1,20,110
1,2,124
1,52,93
1,63,151
1,38,151
1,45,160
1,15,165
1,43,83
1,26,160
1,22,144
1,92,132
1,37,140
1,1,94
1,81,157
1,119,149
1,29,112
1,121,141
1,53,150
1,45,150
1,99,173
1,42,177
1,26,144
1,39,163
1,7,71
1,62,161
1,52,132
1,46,151
1,48,173
1,31,92
1,57,61
1,22,141
1,91,153
1,97,175
1,21,130
1,66,170
1,54,170
1,25,86
1,63,152
1,11,148
1,8,112
1,38,155
1,54,90
1,28,154
1,42,91
1,10,157
1,52,114
1,14,138
1,66,154
1,90,170
1,51,171
1,50,143
1,33,174
1,62,165
1,12,105
1,23,107
1,77,165
1,50,65
1,24,88
1,73,131
1,99,165
1,50,168
1,63,160
1,129,171
1,7,158
1,65,138
1,40,130
1,109,146
1,52,116
1,20,77
1,112,136
1,51,100
1,93,140
1,39,116
1,99,141
1,46,133
1,8,164
1,61,145
1,46,67
1,91,139
1,9,171
1,16,104
1,49,128
1,121,146
1,102,131
1,45,156
1,19,66
1,14,168
1,33,150
1,75,159
1,93,160
1,81,144
1,85,161
1,34,110
1,43,158
1,58,140
1,11,78
1,17,71
1,94,161
1,16,90
1,36,75
1,8,78
1,42,141
1,35,146
1,52,107
1,120,165
1,51,74
1,61,132
1,55,100
1,2,142
1,51,159
1,16,156
1,28,168
1,34,82
1,50,67
1,75,161
1,26,158
1,83,171
1,88,155
1,102,169
1,76,169
1,23,79
1,28,158
1,32,139
1,46,62
1,68,153
1,74,161
1,51,77
1,51,113
1,60,153
1,30,124
1,9,123
1,36,105
1,55,172
1,34,155
1,108,162
1,21,133
1,4,135
1,30,63
1,1,171
1,69,152
1,22,160
1,51,81
1,43,90
1,37,102
1,127,155
1,18,174
1,5,140
1,9,154
1,105,172
1,30,81
1,36,156
1,28,169
1,67,146
1,126,175
1,2,141
1,56,135
1,23,148
1,31,151
1,3,173
1,12,123
1,26,154
1,29,88
1,24,62
1,10,122
1,16,88
1,48,90
1,29,72
1,102,132
1,4,151
1,40,117
1,121,145
