UserID,Outcome1ID,Outcome2ID
1,76,161
1,118,133
1,101,174
1,86,163
1,89,140
1,47,169
1,48,79
1,29,171
1,45,148
1,47,142
1,64,175
1,92,145
1,60,138
1,20,63
1,36,160
1,31,68
1,37,61
1,37,146
1,49,97
1,106,163
1,11,70
1,100,144
1,27,165
1,120,156
1,39,168
1,97,157
1,35,67
1,52,72
1,49,154
1,30,156
1,24,155
1,3,107
1,47,60
1,46,73
1,51,70
1,89,133
1,114,171
1,25,161
1,87,154
1,30,69
1,79,140
1,30,119
1,83,163
1,98,135
1,36,140
1,9,133
1,57,66
1,10,82
1,13,83
1,75,175
1,53,167
1,98,143
1,46,88
1,4,102
1,42,102
1,82,149
1,32,60
1,84,149
1,16,171
1,52,161
1,3,140
1,71,153
1,95,146
1,38,135
1,24,146
1,1,115
1,32,71
1,119,141
1,45,123
1,43,108
1,119,173
1,17,67
1,47,176
1,22,136
1,40,152
1,45,88
1,120,138
1,1,74
1,50,107
1,34,131
1,31,128
1,43,79
1,66,167
1,65,157
1,59,110
1,50,113
1,88,168
1,24,178
1,35,127
1,85,154
1,21,120
1,13,163
1,103,132
1,17,172
1,94,138
1,118,152
1,10,99
1,34,108
1,26,131
1,39,143
1,5,131
1,12,156
1,44,140
1,35,80
1,59,75
1,33,84
1,48,153
1,40,62
1,67,165
1,109,162
1,124,142
1,65,159
1,97,155
1,10,155
1,104,177
1,79,133
1,13,81
1,32,93
1,13,122
1,29,94
1,113,155
1,13,137
1,38,119
1,18,165
1,105,163
1,3,145
1,35,96
1,32,124
1,55,99
1,11,141
1,119,154
1,79,158
1,63,164
1,43,174
1,102,133
1,126,174
1,11,60
1,122,163
1,55,168
1,52,174
1,88,153
1,106,165
1,16,102
1,17,61
1,2,172
1,8,87
1,55,159
1,116,154
1,7,152
1,20,145
1,3,65
1,43,98
1,26,107
1,44,77
1,26,93
1,125,142
1,5,177
1,91,135
1,86,164
1,120,131
1,39,94
1,40,148
1,79,171
1,48,134
1,55,76
1,39,64
1,87,166
1,54,171
1,54,165
1,45,76
1,122,139
1,31,164
1,53,171
1,61,131
1,32,75
1,74,163
1,14,150
1,105,145
1,41,114
1,68,158
1,35,78
1,35,75
1,36,126
1,97,147
1,43,87
1,106,153
1,100,146
1,113,135
1,113,153
1,91,165
1,6,138
1,12,159
1,128,135
1,27,108
1,12,109
1,120,149
1,61,140
1,10,96
1,44,139
1,1,98
1,26,74
1,35,79
1,33,91
1,13,127
1,24,129
1,127,138
1,37,65
1,74,157
1,81,168
1,11,68
1,100,170
1,10,116
1,31,63
1,5,139
1,38,170
1,72,149
1,65,133
1,106,161
1,11,89
1,128,148
1,5,74
1,78,141
1,110,148
1,18,130
1,7,129
1,16,96
1,1,161
1,106,158
1,20,134
1,12,77
1,12,86
1,34,178
1,19,122
1,48,131
1,43,84
1,35,173
1,71,151
1,15,101
1,108,158
1,128,167
1,38,172
1,4,140
1,18,77
1,88,160
1,56,72
1,5,174
1,25,109
1,47,141
1,27,74
1,53,62
