UserID,Outcome1ID,Outcome2ID
1,12,177
1,99,172
1,50,109
1,89,145
1,57,131
1,17,60
1,33,117
1,111,137
1,8,145
1,88,132
1,6,140
1,1,87
1,93,154
1,10,78
1,97,164
1,12,112
1,46,81
1,36,88
1,63,165
1,20,169
1,103,148
1,49,143
1,12,134
1,19,155
1,64,164
1,112,142
1,4,96
1,41,144
1,34,172
1,88,145
1,75,141
1,62,150
1,42,107
1,26,106
1,74,146
1,68,144
1,14,177
1,44,78
1,70,152
1,95,176
1,40,141
1,38,157
1,17,108
1,11,171
1,50,141
1,103,138
1,5,147
1,31,90
1,6,162
1,21,107
1,76,171
1,122,174
1,22,143
1,84,146
1,94,159
1,126,146
1,25,158
1,47,156
1,83,166
1,9,73
1,46,159
1,49,144
1,52,102
1,26,81
1,73,154
1,5,125
1,129,154
1,74,132
1,126,164
1,24,70
1,41,171
1,30,117
1,16,132
1,5,118
1,34,85
1,130,140
1,35,172
1,12,165
1,74,140
1,6,87
1,10,152
1,34,154
1,37,174
1,26,172
1,45,110
1,95,166
1,8,149
1,111,153
1,32,98
1,3,115
1,34,112
1,119,167
1,115,153
1,1,96
1,105,154
1,33,61
1,50,119
1,25,125
1,127,151
1,115,157
1,47,130
1,1,120
1,116,153
1,13,162
1,56,176
1,14,132
1,4,177
1,58,64
1,25,112
1,54,135
1,21,176
1,5,76
1,58,108
1,6,62
1,16,76
1,74,167
1,86,144
1,4,113
1,98,146
1,22,153
1,59,149
1,47,81
1,71,161
1,39,88
1,55,177
1,85,175
1,72,164
1,48,67
1,43,129
1,4,93
1,40,89
1,100,138
1,17,138
1,34,142
1,17,121
1,91,175
1,50,149
1,48,62
1,88,177
1,130,141
1,27,124
1,2,105
1,48,109
1,55,98
1,61,170
1,7,87
1,68,138
1,14,149
1,42,137
1,38,111
1,32,95
1,109,148
1,75,174
1,27,92
1,98,137
1,49,71
1,13,115
1,10,175
1,100,134
1,34,103
1,41,159
1,117,171
1,112,166
1,70,153
1,28,91
1,27,127
1,1,89
1,51,94
1,99,146
1,76,140
1,19,160
1,55,71
1,49,140
1,4,147
1,22,116
1,42,155
1,1,131
1,99,158
1,61,138
1,39,155
1,120,176
1,21,132
1,31,172
1,13,104
1,50,163
1,33,92
1,16,170
1,15,175
1,25,165
1,111,166
1,32,107
1,38,164
1,22,140
1,43,92
1,102,151
1,113,132
1,47,160
1,38,73
1,127,149
1,20,178
1,44,110
1,32,151
1,50,78
1,130,155
1,52,171
1,105,138
1,87,137
1,27,157
1,48,86
1,37,127
1,30,76
1,4,74
1,42,105
1,27,138
1,92,165
1,16,116
1,24,125
1,14,63
1,65,164
1,65,142
1,17,117
1,75,132
1,107,133
1,28,72
1,27,153
1,76,168
1,69,168
1,103,135
1,38,139
1,59,85
1,33,151
1,110,141
1,90,169
1,24,91
1,54,166
1,53,104
1,39,81
1,50,155
1,54,67
1,65,168
1,20,162
1,5,133
1,45,157
1,30,147
1,78,177
1,21,68
1,105,140
1,50,83
1,99,143
1,50,132
