UserID,Outcome1ID,Outcome2ID
1,7,148
1,47,84
1,82,134
1,57,171
1,105,162
1,19,143
1,7,93
1,122,154
1,52,176
1,57,139
1,1,145
1,43,162
1,108,174
1,118,131
1,25,126
1,76,137
1,8,84
1,4,77
1,89,135
1,83,132
1,24,135
1,41,134
1,32,129
1,7,98
1,55,88
1,55,106
1,23,130
1,78,158
1,6,75
1,127,142
1,61,173
1,38,143
1,82,175
1,120,148
1,8,173
1,36,133
1,114,148
1,29,77
1,63,162
1,73,146
1,42,126
1,24,63
1,34,105
1,23,101
1,27,137
1,67,177
1,26,126
1,11,142
1,78,178
1,26,97
1,101,164
1,39,62
1,8,174
1,59,111
1,42,106
1,28,74
1,102,165
1,3,157
1,10,143
1,57,146
1,1,107
1,5,68
1,25,134
1,54,76
1,51,130
1,32,138
1,50,122
1,50,134
1,57,88
1,53,76
1,22,77
1,43,80
1,122,155
1,21,166
1,27,103
1,19,69
1,15,125
1,38,165
1,102,139
1,7,138
1,2,60
1,53,107
1,124,151
1,5,109
1,104,151
1,36,136
1,35,169
1,123,171
1,52,163
1,60,170
1,65,174
1,69,176
1,121,170
1,16,139
1,14,105
1,34,148
1,77,174
1,57,115
1,1,83
1,48,98
1,16,75
1,21,85
1,57,143
1,98,147
1,110,139
1,7,92
1,105,144
1,7,69
1,19,89
1,11,130
1,9,92
1,28,116
1,49,74
1,42,172
1,51,155
1,59,138
1,58,84
1,12,97
1,9,61
1,67,149
1,108,160
1,60,134
1,77,142
1,29,83
1,59,151
1,36,141
1,40,178
1,125,157
1,101,137
1,6,83
1,112,153
1,49,117
1,6,143
1,49,115
1,53,128
1,9,129
1,72,177
1,68,139
1,94,174
1,123,150
1,83,157
1,42,174
1,41,74
1,33,74
1,45,177
1,44,75
1,26,83
1,24,127
1,99,176
1,107,146
1,33,136
1,31,67
1,5,88
1,14,112
1,30,75
1,5,122
1,47,64
1,56,79
1,26,167
1,56,77
1,24,120
1,2,110
1,32,64
1,19,100
1,5,95
1,7,73
1,12,138
1,7,115
1,45,131
1,36,116
1,22,178
1,57,63
1,26,162
1,4,106
1,5,170
1,21,90
1,78,160
1,26,103
1,51,75
1,75,165
1,111,139
1,128,146
1,20,99
1,17,122
1,23,89
1,50,121
1,122,148
1,2,61
1,116,160
1,78,146
1,30,155
1,20,101
1,10,172
1,3,166
1,1,173
1,28,146
1,122,135
1,38,110
1,9,150
1,56,96
1,33,157
1,96,132
1,101,173
1,52,158
1,7,160
1,48,68
1,31,147
1,23,61
1,50,123
1,6,111
1,32,144
1,97,166
1,41,118
1,87,151
1,85,160
1,23,77
1,102,177
1,56,78
1,42,87
1,63,133
1,80,134
1,32,168
1,126,163
1,129,177
1,11,160
1,99,153
1,21,97
1,77,145
1,128,151
1,73,172
1,18,86
1,1,123
1,107,140
1,4,103
1,48,112
1,53,122
1,19,146
1,116,132
1,25,144
1,82,145
1,7,77
1,48,132
1,20,119
1,101,157
1,21,87
1,23,170
1,11,162
1,86,155
1,119,131
1,85,159
