UserID,Outcome1ID,Outcome2ID
1,6,170
1,127,132
1,26,98
1,4,166
1,38,79
1,86,170
1,117,131
1,54,172
1,1,132
1,82,170
1,130,171
1,26,132
1,40,177
1,14,67
1,98,142
1,28,171
1,9,75
1,27,118
1,38,63
1,69,166
1,68,170
1,18,153
1,29,74
1,1,150
1,20,151
1,5,144
1,39,72
1,118,132
1,43,164
1,21,135
1,42,158
1,4,94
1,55,174
1,53,74
1,13,78
1,117,136
1,73,158
1,124,166
1,5,159
1,116,157
1,11,169
1,14,107
1,2,159
1,23,147
1,37,160
1,5,90
1,68,162
1,13,108
1,37,153
1,27,83
1,106,136
1,6,167
1,122,143
1,48,110
1,58,71
1,41,96
1,3,147
1,72,163
1,23,151
1,40,166
1,82,159
1,124,171
1,4,81
1,5,123
1,61,153
1,55,91
1,105,146
1,16,82
1,18,154
1,9,152
1,25,120
1,76,134
1,16,97
1,43,77
1,71,177
1,57,80
1,22,151
1,26,105
1,114,142
1,13,93
1,45,127
1,106,140
1,57,176
1,71,152
1,44,65
1,55,103
1,70,176
1,31,157
1,74,147
1,1,172
1,52,128
1,19,110
1,36,108
1,20,164
1,52,149
1,103,174
1,8,82
1,39,119
1,41,120
1,18,67
1,62,154
1,28,138
1,20,113
1,71,173
1,51,89
1,15,137
1,12,87
1,24,66
1,49,163
1,7,99
1,106,145
1,49,160
1,125,156
1,44,104
1,70,155
1,32,135
1,22,86
1,120,141
1,2,94
1,43,112
1,63,137
1,124,138
1,46,127
1,123,136
1,40,149
1,105,173
1,1,121
1,73,153
1,105,155
1,2,103
1,31,152
1,13,118
1,11,152
1,18,129
1,67,173
1,39,139
1,86,142
1,97,131
1,117,134
1,34,76
1,39,156
1,98,176
1,97,151
1,56,175
1,29,89
1,24,110
1,31,171
1,23,126
1,125,138
1,22,124
1,43,170
1,5,97
1,49,111
1,32,83
1,98,144
1,10,131
1,54,168
1,53,134
1,15,84
1,115,143
1,42,86
1,128,155
1,37,164
1,124,137
1,36,70
1,48,84
1,2,123
1,110,133
1,25,63
1,47,159
1,12,88
1,54,155
1,69,163
1,9,84
1,87,133
1,71,144
1,121,132
1,54,162
1,12,60
1,1,168
1,55,113
1,24,119
1,22,78
1,25,97
1,96,173
1,9,105
1,71,143
1,54,141
1,9,162
1,88,146
1,127,133
1,118,166
1,15,143
1,43,152
1,32,146
1,36,97
1,6,104
1,11,115
1,53,168
1,43,161
1,14,83
1,59,147
1,113,144
1,24,93
1,29,173
1,117,155
1,73,171
1,30,121
1,57,89
1,33,134
1,38,168
1,16,124
1,49,92
1,56,64
1,3,171
1,22,83
1,129,151
1,9,97
1,17,84
1,108,151
1,15,156
1,23,125
1,41,90
1,6,149
1,34,78
1,39,69
1,129,164
1,125,143
1,73,170
1,9,82
1,7,64
1,109,177
1,55,108
1,44,89
1,65,150
1,47,152
1,30,159
1,83,156
1,55,89
1,45,111
1,12,107
1,65,163
1,44,73
1,59,142
1,80,169
1,127,144
1,64,176
1,8,101
1,66,171
1,78,136
