UserID,Outcome1ID,Outcome2ID
1,13,166
1,117,157
1,123,177
1,4,162
1,53,71
1,53,146
1,28,142
1,108,136
1,107,150
1,17,127
1,55,135
1,17,96
1,60,147
1,103,134
1,109,170
1,51,62
1,125,148
1,93,152
1,79,138
1,93,168
1,76,139
1,23,94
1,81,175
1,130,168
1,22,170
1,76,132
1,29,65
1,32,72
1,130,173
1,1,128
1,120,137
1,119,161
1,117,151
1,46,93
1,72,165
1,2,162
1,112,174
1,75,131
1,11,164
1,67,150
1,112,159
1,21,103
1,15,70
1,118,165
1,109,131
1,52,82
1,19,109
1,37,166
1,52,87
1,23,119
1,12,106
1,48,113
1,60,151
1,41,117
1,84,173
1,88,170
1,130,149
1,19,62
1,76,143
1,23,110
1,26,147
1,51,95
1,27,63
1,2,146
1,30,101
1,102,148
1,80,164
1,110,140
1,13,147
1,55,94
1,19,61
1,55,95
1,30,145
1,55,130
1,74,154
1,73,159
1,125,162
1,30,131
1,95,132
1,65,143
1,57,82
1,17,154
1,103,150
1,28,176
1,22,121
1,5,161
1,34,114
1,40,82
1,38,69
1,30,178
1,46,171
1,11,134
1,84,138
1,29,165
1,49,105
1,11,98
1,48,118
1,45,65
1,48,108
1,23,157
1,29,129
1,68,137
1,33,172
1,76,148
1,3,75
1,75,157
1,97,133
1,129,168
1,108,137
1,14,164
1,17,153
1,43,151
1,36,149
1,129,173
1,129,175
1,5,132
1,29,152
1,116,176
1,23,62
1,49,125
1,14,71
1,15,169
1,2,138
1,108,163
1,38,106
1,107,138
1,43,156
1,69,138
1,57,109
1,130,136
1,120,140
1,31,150
1,7,121
1,36,87
1,4,172
1,31,74
1,4,105
1,7,63
1,123,137
1,44,124
1,39,106
1,77,149
1,62,159
1,57,98
1,21,67
1,95,177
1,56,91
1,21,160
1,16,63
1,9,114
1,26,94
1,19,81
1,96,147
1,110,132
1,29,125
1,37,101
1,81,166
1,45,81
1,60,175
1,46,98
1,9,93
1,111,177
1,10,66
1,27,123
1,110,147
1,53,88
1,8,111
1,99,147
1,9,60
1,48,167
1,79,145
1,26,139
1,50,66
1,105,136
1,101,135
1,34,100
1,122,131
1,66,139
1,8,71
1,20,148
1,35,167
1,47,90
1,29,85
1,42,104
1,28,62
1,57,94
1,70,148
1,128,133
1,43,85
1,71,138
1,23,100
1,12,95
1,70,141
1,23,88
1,102,157
1,84,162
1,21,140
1,53,176
1,41,174
1,24,140
1,119,142
1,104,158
1,57,73
1,86,157
1,30,174
1,92,150
1,18,147
1,27,65
1,122,175
1,61,168
1,102,163
1,3,82
1,37,124
1,13,148
1,11,102
1,85,158
1,56,130
1,34,164
1,94,146
1,6,67
1,8,127
1,6,145
1,2,87
1,119,175
1,93,149
1,31,133
1,67,145
1,3,121
1,14,176
1,113,138
1,89,166
1,126,134
1,37,109
1,21,145
1,35,105
1,56,148
1,104,178
1,2,143
1,124,154
1,40,102
1,44,82
1,16,83
1,32,66
1,116,165
1,50,117
1,68,147
1,10,135
1,30,67
1,17,129
1,28,121
