UserID,Outcome1ID,Outcome2ID
1,112,134
1,37,129
1,108,168
1,66,165
1,110,172
1,55,93
1,107,167
1,91,134
1,22,94
1,45,87
1,45,138
1,60,154
1,41,88
1,9,157
1,20,123
1,2,137
1,47,157
1,44,157
1,43,81
1,48,78
1,28,129
1,7,125
1,37,68
1,92,131
1,52,91
1,83,167
1,122,167
1,55,155
1,80,140
1,55,115
1,106,147
1,118,172
1,29,79
1,21,170
1,69,167
1,5,124
1,36,85
1,29,107
1,28,148
1,113,136
1,37,131
1,128,162
1,7,94
1,34,146
1,21,111
1,122,156
1,110,161
1,48,77
1,12,66
1,101,163
1,57,120
1,6,119
1,26,145
1,50,131
1,105,152
1,81,148
1,35,125
1,110,153
1,59,173
1,17,166
1,3,122
1,3,156
1,46,94
1,69,133
1,62,169
1,127,153
1,54,65
1,128,161
1,6,106
1,16,145
1,47,67
1,44,176
1,109,169
1,40,67
1,50,89
1,30,133
1,96,167
1,106,164
1,29,101
1,22,89
1,20,167
1,41,129
1,42,151
1,55,102
1,129,161
1,49,151
1,55,69
1,11,110
1,19,77
1,116,167
1,99,134
1,81,167
1,129,176
1,7,68
1,31,134
1,7,157
1,112,145
1,13,107
1,52,137
1,55,141
1,69,131
1,49,100
1,29,62
1,50,124
1,19,96
1,32,123
1,74,159
1,111,169
1,124,177
1,44,129
1,126,142
1,22,76
1,56,114
1,120,164
1,106,154
1,32,155
1,54,83
1,20,116
1,37,158
1,48,136
1,18,75
1,36,143
1,61,142
1,90,159
1,41,142
1,65,171
1,57,117
1,85,165
1,12,136
1,72,167
1,45,143
1,50,137
1,116,138
1,27,111
1,53,108
1,69,151
1,32,157
1,7,104
1,56,150
1,48,145
1,31,163
1,53,93
1,13,111
1,1,140
1,18,73
1,97,140
1,34,141
1,19,134
1,54,80
1,24,139
1,18,109
1,34,126
1,58,128
1,110,164
1,13,171
1,44,142
1,2,76
1,45,96
1,115,136
1,49,139
1,59,70
1,43,102
1,1,85
1,35,106
1,44,62
1,7,174
1,8,147
1,26,108
1,120,157
1,125,164
1,120,166
1,58,109
1,59,153
1,71,159
1,37,113
1,72,147
1,68,175
1,79,135
1,54,92
1,45,147
1,98,138
1,106,176
1,98,145
1,13,91
1,14,178
1,82,169
1,66,148
1,40,63
1,17,125
1,20,156
1,50,118
1,11,175
1,127,174
1,10,92
1,22,174
1,20,125
1,34,144
1,20,71
1,4,91
1,9,131
1,52,85
1,129,133
1,29,119
1,38,88
1,92,163
1,118,143
1,45,102
1,127,177
1,40,124
1,56,169
1,12,129
1,8,85
1,104,169
1,115,141
1,40,114
1,57,165
1,70,161
1,42,136
1,80,157
1,40,162
1,58,175
1,59,167
1,76,141
1,69,132
1,48,152
1,58,134
1,26,104
1,37,125
1,22,166
1,42,160
1,53,110
1,7,62
1,23,141
1,32,158
1,14,136
1,22,146
1,41,143
1,117,138
1,7,110
1,31,108
1,121,157
1,47,112
1,13,86
1,130,150
1,49,102
1,88,172
1,50,128
1,121,155
1,54,150
1,47,144
