UserID,Outcome1ID,Outcome2ID
1,47,171
1,48,172
1,58,133
1,84,166
1,36,80
1,50,112
1,3,159
1,65,131
1,52,103
1,21,142
1,30,176
1,59,163
1,121,153
1,1,80
1,68,149
1,47,121
1,42,134
1,121,166
1,56,93
1,8,66
1,33,156
1,14,133
1,116,139
1,54,95
1,11,146
1,16,78
1,87,168
1,8,93
1,10,90
1,38,150
1,38,65
1,6,96
1,29,148
1,37,123
1,33,160
1,84,143
1,50,164
1,28,65
1,117,152
1,123,147
1,89,152
1,58,130
1,43,68
1,39,135
1,51,87
1,70,135
1,11,123
1,33,119
1,17,156
1,99,138
1,75,135
1,8,108
1,48,92
1,53,79
1,37,163
1,12,152
1,14,73
1,50,175
1,5,142
1,62,162
1,115,152
1,51,121
1,85,173
1,127,141
1,30,91
1,52,164
1,26,62
1,58,105
1,96,165
1,37,133
1,16,135
1,35,120
1,71,145
1,96,141
1,112,133
1,10,151
1,38,140
1,49,70
1,118,144
1,92,146
1,107,132
1,46,143
1,119,148
1,57,157
1,115,165
1,113,178
1,33,143
1,30,78
1,67,151
1,36,152
1,39,154
1,28,103
1,36,167
1,55,137
1,25,68
1,50,162
1,63,134
1,91,136
1,24,126
1,87,172
1,21,66
1,15,106
1,21,112
1,29,145
1,42,89
1,15,75
1,26,178
1,121,140
1,71,155
1,20,121
1,12,127
1,44,114
1,96,136
1,78,153
1,16,152
1,18,166
1,62,173
1,22,147
1,78,162
1,10,161
1,5,176
1,41,130
1,98,173
1,11,80
1,44,99
1,129,152
1,111,172
1,13,90
1,38,96
1,55,143
1,118,156
1,60,165
1,47,149
1,85,177
1,77,135
1,97,167
1,27,72
1,11,156
1,42,101
1,17,169
1,5,150
1,19,126
1,3,112
1,41,135
1,7,151
1,79,154
1,71,135
1,14,165
1,65,162
1,19,91
1,86,137
1,78,156
1,81,139
1,17,141
1,28,94
1,30,113
1,65,151
1,60,152
1,113,170
1,45,106
1,1,88
1,68,152
1,129,148
1,85,162
1,52,83
1,4,159
1,100,177
1,8,125
1,74,149
1,72,135
1,42,110
1,26,142
1,6,86
1,37,128
1,123,173
1,42,164
1,107,137
1,85,176
1,15,89
1,46,104
1,45,86
1,37,73
1,25,72
1,96,155
1,30,125
1,49,145
1,39,138
1,44,166
1,3,81
1,1,90
1,22,128
1,47,68
1,40,66
1,20,100
1,20,140
1,22,177
1,47,158
1,47,69
1,5,92
1,72,174
1,11,118
1,56,147
1,36,171
1,67,176
1,14,79
1,25,135
1,55,111
1,20,87
1,11,105
1,23,167
1,125,161
1,101,149
1,52,70
1,3,170
1,8,163
1,21,131
1,31,132
1,29,144
1,74,178
1,20,67
1,60,173
1,7,65
1,103,171
1,74,152
1,43,124
1,27,122
1,35,114
1,47,178
1,3,93
1,57,173
1,76,146
1,61,171
1,29,159
1,14,170
1,75,173
1,49,133
1,9,142
1,28,162
1,53,131
1,78,138
1,120,173
1,32,89
1,42,140
1,23,106
1,48,120
1,7,83
1,39,107
1,103,131
1,14,114
1,47,166
