UserID,Outcome1ID,Outcome2ID
1,29,75
1,1,164
1,71,172
1,24,172
1,50,144
1,82,166
1,52,90
1,2,161
1,23,129
1,1,77
1,10,167
1,57,172
1,34,159
1,55,90
1,45,159
1,42,138
1,22,69
1,6,131
1,47,98
1,50,150
1,120,170
1,56,168
1,54,163
1,1,138
1,48,106
1,9,140
1,29,90
1,59,122
1,52,126
1,14,113
1,60,159
1,26,87
1,37,178
1,93,162
1,5,75
1,127,158
1,117,133
1,52,167
1,17,65
1,31,140
1,104,175
1,36,161
1,9,126
1,83,169
1,45,70
1,8,119
1,82,151
1,8,150
1,11,166
1,119,145
1,27,88
1,38,122
1,53,142
1,61,169
1,70,146
1,8,130
1,80,155
1,27,176
1,19,90
1,28,119
1,113,131
1,26,78
1,77,133
1,39,147
1,24,114
1,69,135
1,96,146
1,104,161
1,116,134
1,12,99
1,45,66
1,10,142
1,11,100
1,85,172
1,15,144
1,115,176
1,95,133
1,72,136
1,28,110
1,42,165
1,11,155
1,102,145
1,11,93
1,29,105
1,119,139
1,32,166
1,82,156
1,38,124
1,14,118
1,31,107
1,12,166
1,40,142
1,11,153
1,115,137
1,22,164
1,4,116
1,50,145
1,97,156
1,92,155
1,77,168
1,59,88
1,22,102
1,7,132
1,58,127
1,19,177
1,52,160
1,122,173
1,27,87
1,57,110
1,125,168
1,40,157
1,40,100
1,77,157
1,17,105
1,33,79
1,49,176
1,7,133
1,59,120
1,34,138
1,47,177
1,48,143
1,78,150
1,121,177
1,77,138
1,13,168
1,95,153
1,100,142
1,63,147
1,28,145
1,25,138
1,23,105
1,68,135
1,33,122
1,44,84
1,40,69
1,43,78
1,1,169
1,82,167
1,53,123
1,44,146
1,15,95
1,41,94
1,12,69
1,106,169
1,7,61
1,73,150
1,30,60
1,57,137
1,56,89
1,86,161
1,30,83
1,36,86
1,18,90
1,10,162
1,102,142
1,45,137
1,31,145
1,128,145
1,116,149
1,59,76
1,103,177
1,3,123
1,15,110
1,24,130
1,91,166
1,3,141
1,52,178
1,112,151
1,66,177
1,106,139
1,63,173
1,93,161
1,50,98
1,31,136
1,31,61
1,130,153
1,6,94
1,37,171
1,52,69
1,13,153
1,71,162
1,63,158
1,4,115
1,13,169
1,2,100
1,38,160
1,78,142
1,27,95
1,30,175
1,32,103
1,58,91
1,22,154
1,66,156
1,34,119
1,64,131
1,107,160
1,45,95
1,65,154
1,7,144
1,104,157
1,50,92
1,20,86
1,68,167
1,7,88
1,20,61
1,101,160
1,48,141
1,19,151
1,110,170
1,103,159
1,52,74
1,58,118
1,39,112
1,79,178
1,110,171
1,8,65
1,18,178
1,81,143
1,73,163
1,48,65
1,28,134
1,64,141
1,102,149
1,52,157
1,41,89
1,12,131
1,61,172
1,52,124
1,21,86
1,3,71
1,3,72
1,69,140
1,98,164
1,31,166
1,1,101
1,37,138
1,3,132
1,37,176
1,5,69
1,41,105
1,9,83
1,122,162
1,47,122
1,76,147
1,6,76
1,55,122
1,49,68
1,41,116
1,5,127
1,68,161
