UserID,Outcome1ID,Outcome2ID
1,94,176
1,6,165
1,58,116
1,14,166
1,9,132
1,44,103
1,109,168
1,57,118
1,89,177
1,3,164
1,41,165
1,29,102
1,31,177
1,105,150
1,42,147
1,79,169
1,57,75
1,7,116
1,18,79
1,39,153
1,118,148
1,123,174
1,70,144
1,21,178
1,28,96
1,119,174
1,30,93
1,49,164
1,42,61
1,21,172
1,94,158
1,23,121
1,114,151
1,91,138
1,25,176
1,49,114
1,10,85
1,114,174
1,5,154
1,32,165
1,41,109
1,69,162
1,23,103
1,4,97
1,6,100
1,39,115
1,19,83
1,120,174
1,81,153
1,34,175
1,23,164
1,83,137
1,117,154
1,39,157
1,10,147
1,3,110
1,41,86
1,69,149
1,37,103
1,47,132
1,23,162
1,22,127
1,24,84
1,7,120
1,43,128
1,84,145
1,106,162
1,130,146
1,44,143
1,27,70
1,113,148
1,15,81
1,118,142
1,37,159
1,44,96
1,46,115
1,4,61
1,120,145
1,43,74
1,7,70
1,46,103
1,17,104
1,55,118
1,45,139
1,20,120
1,65,153
1,54,126
1,8,98
1,58,146
1,4,137
1,21,80
1,15,145
1,4,62
1,25,89
1,87,135
1,36,79
1,70,172
1,15,91
1,31,130
1,10,75
1,80,161
1,10,94
1,115,142
1,39,67
1,87,134
1,35,113
1,52,111
1,56,153
1,46,78
1,77,161
1,15,173
1,14,80
1,4,155
1,28,149
1,11,139
1,102,175
1,27,139
1,47,74
1,17,145
1,21,96
1,58,147
1,40,123
1,35,153
1,28,177
1,70,173
1,12,130
1,30,89
1,123,131
1,43,103
1,20,176
1,37,132
1,113,137
1,55,107
1,104,131
1,9,151
1,17,120
1,39,102
1,78,151
1,23,136
1,58,153
1,10,117
1,5,175
1,63,167
1,57,107
1,57,127
1,115,131
1,57,138
1,25,77
1,5,149
1,33,175
1,112,168
1,35,177
1,13,95
1,88,174
1,55,163
1,59,81
1,78,176
1,38,70
1,8,132
1,127,134
1,27,160
1,50,93
1,21,126
1,88,144
1,51,91
1,64,169
1,28,173
1,94,137
1,32,140
1,68,146
1,66,150
1,95,142
1,83,178
1,30,115
1,45,168
1,67,164
1,36,60
1,42,152
1,45,155
1,58,137
1,47,151
1,114,172
1,45,129
1,21,148
1,21,150
1,34,68
1,13,149
1,6,69
1,19,71
1,20,175
1,102,156
1,21,129
1,41,64
1,24,96
1,45,164
1,102,135
1,127,169
1,70,132
1,103,146
1,24,173
1,4,90
1,65,144
1,47,95
1,69,146
1,117,144
1,21,95
1,19,123
1,46,111
1,122,136
1,62,167
1,15,154
1,52,71
1,126,133
1,126,145
1,14,151
1,28,135
1,88,138
1,15,96
1,13,140
1,58,113
1,119,166
1,19,94
1,11,101
1,56,131
1,32,63
1,91,132
1,34,134
1,37,70
1,48,115
1,3,137
1,41,63
1,36,76
1,32,90
1,86,172
1,81,178
1,55,178
1,30,74
1,11,67
1,126,144
1,114,176
1,125,155
1,45,73
1,21,65
1,38,76
1,43,125
1,91,160
1,24,137
1,35,123
1,2,109
1,33,80
