UserID,Outcome1ID,Outcome2ID
1,36,159
1,90,165
1,21,61
1,89,170
1,53,137
1,2,71
1,40,73
1,25,128
1,105,177
1,6,135
1,30,136
1,27,172
1,120,163
1,28,147
1,81,150
1,88,157
1,90,160
1,110,167
1,56,61
1,27,68
1,52,81
1,104,164
1,1,137
1,50,135
1,29,64
1,84,170
1,102,136
1,36,71
1,44,68
1,5,91
1,25,164
1,47,162
1,32,131
1,101,141
1,113,157
1,77,162
1,24,145
1,16,62
1,113,168
1,111,131
1,109,159
1,40,75
1,8,107
1,3,136
1,35,154
1,104,163
1,28,77
1,120,146
1,129,165
1,47,124
1,122,134
1,101,132
1,61,159
1,124,147
1,27,80
1,82,142
1,3,78
1,9,169
1,103,170
1,12,174
1,22,118
1,32,117
1,53,100
1,44,178
1,37,173
1,17,150
1,4,168
1,107,156
1,91,150
1,53,153
1,129,170
1,27,112
1,9,147
1,79,176
1,7,107
1,102,171
1,101,134
1,4,160
1,85,136
1,25,172
1,57,81
1,12,115
1,91,163
1,4,134
1,56,92
1,45,130
1,79,131
1,28,80
1,4,80
1,32,119
1,59,82
1,117,178
1,20,158
1,56,154
1,3,111
1,48,102
1,31,138
1,2,112
1,113,166
1,123,153
1,52,62
1,1,119
1,23,146
1,49,64
1,93,139
1,14,140
1,56,111
1,18,61
1,105,164
1,32,67
1,47,102
1,108,170
1,33,109
1,92,172
1,15,104
1,24,83
1,19,161
1,33,70
1,67,139
1,54,70
1,67,144
1,79,160
1,38,169
1,38,161
1,25,110
1,23,63
1,46,128
1,78,133
1,12,119
1,56,99
1,66,153
1,37,69
1,125,166
1,58,89
1,23,81
1,15,128
1,17,113
1,108,164
1,48,147
1,48,99
1,7,102
1,15,115
1,23,138
1,4,110
1,127,167
1,31,116
1,13,133
1,75,169
1,48,104
1,100,162
1,9,144
1,116,177
1,15,166
1,44,155
1,37,121
1,44,145
1,114,132
1,107,162
1,8,60
1,16,68
1,53,143
1,122,141
1,114,164
1,80,167
1,47,129
1,8,68
1,56,121
1,9,112
1,2,156
1,24,133
1,36,131
1,18,139
1,43,148
1,99,150
1,12,68
1,28,130
1,42,74
1,43,178
1,12,132
1,33,154
1,118,158
1,94,150
1,9,136
1,79,159
1,16,163
1,10,160
1,48,124
1,46,158
1,28,102
1,56,70
1,91,142
1,108,147
1,24,76
1,61,134
1,62,134
1,17,128
1,15,78
1,44,147
1,116,141
1,30,154
1,128,132
1,6,176
1,11,125
1,40,72
1,107,164
1,85,148
1,6,124
1,47,75
1,8,116
1,30,86
1,43,111
1,18,118
1,3,101
1,67,135
1,116,169
1,75,155
1,126,132
1,53,169
1,115,177
1,45,69
1,112,149
1,101,168
1,109,152
1,48,146
1,92,154
1,51,176
1,68,142
1,17,99
1,63,136
1,53,152
1,69,153
1,105,156
1,53,151
1,9,104
1,107,158
1,54,84
1,47,106
1,11,149
1,21,171
1,35,61
1,54,96
1,8,72
1,4,75
1,24,167
1,22,106
1,129,169
1,35,143
1,96,144
1,35,95
1,10,166
