UserID,Outcome1ID,Outcome2ID
1,104,173
1,104,153
1,4,136
1,90,173
1,119,147
1,21,105
1,68,145
1,33,166
1,127,131
1,4,107
1,34,177
1,80,174
1,2,149
1,5,119
1,129,142
1,94,141
1,77,140
1,53,175
1,48,119
1,5,104
1,47,128
1,50,152
1,10,86
1,6,125
1,28,60
1,74,169
1,27,162
1,26,169
1,37,64
1,4,127
1,93,170
1,6,74
1,57,156
1,13,69
1,45,63
1,9,134
1,85,131
1,42,78
1,35,84
1,59,150
1,3,149
1,39,75
1,50,176
1,105,170
1,54,134
1,91,168
1,4,119
1,9,156
1,32,80
1,16,162
1,25,142
1,30,167
1,4,66
1,59,63
1,72,137
1,64,146
1,21,165
1,49,161
1,101,153
1,43,154
1,33,69
1,39,96
1,30,172
1,25,116
1,129,162
1,29,169
1,6,126
1,8,117
1,16,174
1,42,108
1,112,135
1,8,79
1,39,76
1,29,109
1,59,87
1,74,134
1,16,177
1,25,119
1,7,122
1,80,132
1,90,150
1,2,106
1,34,125
1,73,161
1,56,162
1,36,162
1,97,153
1,39,172
1,47,135
1,84,169
1,5,165
1,15,76
1,71,176
1,10,150
1,37,108
1,127,152
1,16,129
1,90,134
1,31,87
1,115,134
1,52,84
1,14,91
1,15,112
1,116,148
1,55,171
1,36,164
1,37,60
1,16,119
1,40,156
1,90,176
1,35,103
1,39,78
1,123,144
1,12,114
1,39,65
1,15,152
1,63,144
1,31,153
1,56,98
1,106,173
1,100,148
1,20,142
1,41,68
1,58,114
1,75,172
1,40,158
1,106,159
1,126,139
1,57,141
1,14,146
1,13,139
1,54,102
1,65,156
1,60,144
1,108,150
1,17,178
1,57,103
1,95,154
1,30,170
1,40,94
1,71,149
1,18,80
1,29,150
1,23,98
1,38,138
1,37,86
1,68,136
1,17,82
1,106,170
1,82,136
1,76,172
1,4,146
1,14,62
1,39,130
1,93,171
1,42,65
1,80,144
1,53,154
1,83,144
1,35,86
1,18,161
1,47,86
1,8,170
1,20,124
1,45,118
1,61,144
1,44,88
1,39,144
1,39,95
1,17,77
1,54,105
1,26,67
1,42,103
1,16,167
1,110,176
1,8,142
1,8,100
1,39,80
1,121,134
1,16,153
1,44,74
1,33,163
1,58,79
1,26,163
1,36,67
1,21,64
1,4,73
1,32,79
1,68,163
1,40,90
1,20,163
1,4,122
1,16,158
1,118,159
1,47,109
1,33,173
1,42,130
1,52,66
1,48,74
1,42,129
1,53,82
1,14,153
1,33,155
1,63,132
1,30,114
1,59,158
1,15,77
1,19,88
1,7,172
1,49,65
1,30,139
1,129,140
1,94,132
1,75,133
1,33,159
1,109,176
1,93,159
1,98,157
1,40,91
1,2,73
1,35,107
1,54,121
1,127,136
1,99,170
1,86,147
1,6,93
1,5,64
1,92,166
1,3,152
1,29,70
1,26,171
1,46,130
1,75,176
1,26,119
1,23,176
1,61,151
1,11,85
1,58,77
1,116,159
1,42,75
1,3,105
1,16,121
1,6,128
1,6,89
1,26,77
1,30,106
1,123,175
1,83,172
1,35,178
1,10,71
