UserID,Outcome1ID,Outcome2ID
1,42,77
1,20,91
1,42,67
1,24,72
1,43,63
1,63,176
1,72,143
1,49,158
1,11,136
1,3,131
1,32,176
1,50,62
1,70,136
1,86,159
1,48,156
1,5,77
1,55,112
1,126,159
1,18,162
1,46,129
1,127,135
1,10,173
1,99,162
1,76,151
1,63,155
1,36,107
1,40,146
1,49,120
1,120,143
1,116,140
1,46,120
1,56,113
1,78,163
1,60,169
1,38,178
1,51,175
1,28,150
1,1,151
1,23,155
1,59,103
1,26,159
1,127,148
1,86,153
1,59,177
1,73,144
1,5,84
1,9,70
1,29,166
1,1,126
1,78,140
1,14,75
1,54,178
1,61,149
1,22,165
1,108,161
1,28,64
1,106,134
1,73,139
1,18,141
1,94,154
1,99,132
1,36,154
1,1,165
1,66,161
1,17,160
1,77,170
1,47,82
1,55,138
1,26,164
1,38,89
1,71,166
1,103,169
1,83,142
1,28,73
1,64,133
1,23,134
1,57,76
1,54,153
1,42,115
1,21,92
1,43,93
1,15,142
1,58,103
1,93,144
1,49,159
1,32,76
1,22,85
1,33,120
1,1,84
1,6,171
1,17,119
1,8,161
1,15,157
1,83,175
1,7,86
1,34,84
1,52,145
1,12,148
1,4,124
1,54,71
1,57,104
1,52,129
1,2,148
1,114,175
1,55,164
1,35,149
1,18,92
1,114,178
1,70,163
1,91,174
1,58,173
1,54,133
1,27,163
1,111,147
1,88,173
1,46,112
1,33,111
1,27,62
1,4,95
1,77,177
1,97,165
1,31,124
1,52,122
1,30,138
1,106,152
1,100,145
1,127,156
1,19,116
1,107,144
1,40,144
1,93,177
1,3,102
1,42,176
1,126,178
1,45,125
1,102,159
1,51,144
1,13,159
1,80,137
1,57,95
1,17,86
1,36,155
1,106,135
1,47,140
1,55,167
1,26,102
1,61,166
1,56,101
1,84,141
1,20,94
1,123,141
1,115,164
1,51,117
1,125,147
1,88,167
1,66,173
1,89,146
1,28,88
1,58,125
1,51,92
1,44,91
1,73,155
1,33,88
1,49,146
1,107,151
1,63,170
1,95,144
1,37,148
1,3,66
1,12,121
1,11,132
1,35,64
1,54,75
1,106,168
1,36,73
1,41,153
1,13,103
1,52,100
1,34,115
1,16,99
1,104,141
1,124,131
1,16,77
1,27,130
1,102,173
1,13,144
1,77,171
1,38,136
1,118,177
1,49,88
1,23,87
1,6,80
1,25,149
1,16,92
1,114,160
1,25,145
1,125,136
1,1,162
1,45,93
1,67,140
1,9,165
1,11,120
1,50,94
1,28,167
1,96,175
1,38,82
1,85,134
1,14,76
1,130,137
1,15,64
1,77,143
1,98,163
1,44,138
1,40,125
1,38,117
1,12,162
1,58,100
1,46,154
1,88,147
1,15,93
1,19,68
1,9,117
1,16,144
1,11,158
1,28,123
1,47,116
1,58,160
1,14,142
1,19,115
1,48,133
1,45,161
1,74,135
1,17,171
1,2,128
1,10,97
1,71,141
1,46,167
1,22,71
1,100,178
1,95,168
1,71,139
1,43,144
1,45,60
1,38,94
1,20,147
1,27,67
1,59,161
1,114,168
1,58,131
1,14,116
