UserID,Outcome1ID,Outcome2ID
1,108,138
1,17,148
1,50,148
1,31,70
1,119,165
1,9,138
1,90,162
1,49,112
1,100,143
1,17,81
1,80,160
1,54,177
1,7,127
1,58,76
1,27,102
1,83,143
1,25,156
1,64,134
1,119,168
1,35,99
1,40,79
1,88,149
1,124,146
1,30,165
1,87,160
1,70,156
1,105,141
1,54,118
1,65,136
1,73,142
1,21,123
1,86,156
1,42,153
1,54,161
1,130,176
1,34,61
1,1,70
1,83,154
1,42,132
1,29,146
1,56,172
1,130,164
1,37,144
1,27,117
1,98,156
1,101,170
1,43,82
1,29,73
1,100,165
1,129,132
1,34,104
1,39,105
1,38,167
1,55,134
1,39,131
1,15,83
1,86,176
1,78,137
1,44,86
1,59,133
1,7,156
1,31,109
1,92,156
1,117,156
1,54,120
1,87,161
1,25,71
1,29,106
1,22,173
1,61,165
1,54,117
1,66,132
1,17,161
1,6,177
1,75,168
1,6,163
1,5,129
1,16,130
1,20,72
1,37,105
1,81,138
1,95,152
1,46,138
1,3,80
1,25,65
1,14,158
1,41,149
1,16,115
1,12,108
1,32,136
1,3,84
1,90,140
1,35,109
1,10,70
1,8,172
1,93,142
1,10,105
1,11,173
1,50,102
1,99,175
1,14,129
1,32,164
1,7,81
1,18,146
1,29,178
1,126,177
1,86,169
1,42,81
1,20,80
1,8,159
1,18,177
1,75,146
1,110,154
1,11,72
1,126,170
1,56,75
1,121,169
1,5,138
1,97,139
1,56,106
1,20,114
1,46,142
1,8,114
1,59,171
1,23,131
1,62,149
1,78,169
1,75,138
1,6,175
1,48,64
1,42,146
1,63,145
1,58,81
1,59,166
1,39,118
1,40,113
1,19,108
1,5,70
1,116,131
1,31,165
1,116,145
1,38,74
1,38,132
1,116,142
1,49,127
1,117,143
1,44,175
1,8,137
1,127,166
1,92,139
1,50,79
1,51,148
1,112,140
1,118,174
1,106,160
1,51,65
1,34,135
1,38,107
1,54,152
1,30,108
1,63,131
1,10,171
1,99,171
1,12,158
1,15,98
1,25,70
1,127,173
1,27,86
1,17,103
1,83,177
1,57,65
1,113,141
1,58,177
1,32,74
1,49,129
1,15,170
1,30,88
1,64,165
1,46,178
1,44,135
1,52,169
1,13,94
1,111,133
1,84,147
1,2,174
1,42,121
1,82,171
1,25,90
1,87,131
1,72,151
1,41,85
1,88,166
1,81,162
1,123,162
1,116,166
1,45,175
1,9,69
1,120,177
1,8,118
1,30,137
1,11,128
1,109,173
1,45,154
1,29,117
1,20,81
1,4,88
1,5,116
1,6,147
1,43,61
1,3,99
1,68,159
1,70,139
1,23,171
1,73,177
1,11,121
1,73,160
1,18,105
1,25,167
1,115,147
1,14,115
1,13,65
1,57,155
1,23,161
1,30,80
1,6,108
1,9,100
1,64,178
1,12,133
1,105,137
1,34,75
1,6,169
1,18,87
1,54,176
1,124,158
1,3,87
1,17,75
1,24,165
1,52,155
1,56,137
1,12,126
1,40,97
1,19,97
1,10,112
1,36,98
1,5,157
1,22,97
1,38,175
1,72,140
1,52,75
1,111,168
