UserID,Outcome1ID,Outcome2ID
1,57,99
1,33,71
1,40,135
1,9,115
1,32,169
1,124,134
1,66,160
1,48,101
1,106,144
1,126,137
1,105,133
1,54,110
1,20,96
1,44,136
1,116,172
1,72,156
1,102,152
1,13,92
1,118,178
1,43,131
1,27,81
1,65,146
1,50,90
1,126,153
1,6,156
1,125,172
1,39,150
1,46,164
1,115,174
1,30,79
1,53,64
1,10,67
1,45,107
1,57,135
1,82,157
1,38,116
1,52,104
1,9,108
1,65,160
1,41,122
1,9,63
1,69,142
1,128,153
1,21,98
1,18,151
1,53,172
1,29,176
1,19,93
1,19,172
1,115,135
1,56,166
1,43,73
1,104,136
1,53,81
1,15,60
1,47,133
1,79,152
1,14,148
1,20,64
1,46,163
1,43,72
1,97,138
1,4,100
1,1,113
1,107,142
1,128,169
1,103,152
1,8,144
1,5,67
1,13,97
1,46,105
1,34,167
1,59,174
1,29,174
1,9,85
1,115,170
1,86,173
1,26,99
1,25,162
1,29,157
1,116,174
1,104,156
1,59,127
1,24,80
1,37,172
1,110,151
1,24,115
1,44,60
1,55,136
1,28,140
1,51,173
1,19,148
1,49,155
1,122,158
1,38,61
1,96,161
1,2,81
1,24,87
1,33,121
1,45,64
1,122,171
1,33,94
1,78,148
1,52,60
1,29,91
1,25,152
1,69,171
1,126,152
1,55,153
1,58,172
1,120,171
1,36,175
1,99,136
1,87,148
1,30,97
1,32,116
1,57,160
1,14,85
1,44,160
1,31,75
1,6,137
1,44,133
1,88,162
1,39,149
1,123,151
1,55,73
1,42,88
1,28,139
1,31,102
1,37,84
1,33,62
1,12,178
1,17,63
1,100,175
1,28,63
1,36,65
1,28,133
1,42,76
1,75,147
1,42,70
1,33,124
1,1,65
1,96,139
1,5,65
1,47,114
1,93,147
1,43,95
1,124,169
1,51,140
1,9,176
1,80,146
1,49,165
1,93,148
1,6,66
1,7,147
1,50,69
1,33,115
1,25,143
1,107,153
1,55,128
1,35,168
1,57,149
1,27,132
1,23,140
1,72,142
1,2,132
1,35,76
1,31,81
1,118,171
1,20,73
1,98,168
1,8,74
1,53,117
1,109,164
1,76,131
1,11,97
1,65,140
1,28,67
1,41,87
1,23,118
1,71,148
1,68,143
1,51,129
1,125,145
1,118,168
1,57,174
1,22,155
1,111,132
1,42,163
1,86,138
1,45,104
1,18,128
1,16,113
1,28,156
1,48,72
1,91,161
1,51,131
1,16,143
1,74,176
1,29,140
1,54,123
1,59,172
1,51,83
1,110,177
1,13,117
1,79,132
1,106,177
1,34,170
1,59,105
1,59,145
1,33,146
1,2,75
1,21,101
1,93,134
1,92,135
1,2,134
1,69,175
1,49,73
1,52,110
1,104,142
1,82,155
1,45,126
1,49,122
1,58,82
1,69,173
1,88,143
1,121,165
1,64,172
1,31,125
1,91,146
1,31,106
1,13,112
1,26,153
1,45,132
1,17,92
1,59,134
1,83,148
1,23,93
1,90,175
1,59,73
1,44,79
1,28,107
1,45,135
1,42,95
1,69,156
1,123,168
1,2,65
1,1,124
1,15,126
1,130,167
