UserID,Outcome1ID,Outcome2ID
1,51,134
1,57,60
1,73,148
1,6,99
1,29,161
1,34,83
1,124,175
1,11,104
1,13,68
1,46,144
1,9,158
1,24,112
1,16,161
1,50,99
1,43,142
1,103,156
1,111,136
1,25,93
1,34,98
1,47,155
1,1,60
1,48,60
1,12,170
1,46,165
1,6,159
1,38,173
1,32,154
1,33,67
1,54,115
1,117,161
1,16,159
1,56,171
1,105,161
1,44,64
1,121,175
1,16,166
1,53,132
1,1,178
1,56,159
1,128,139
1,51,66
1,10,91
1,26,65
1,50,82
1,84,172
1,22,134
1,50,129
1,51,145
1,33,147
1,36,68
1,125,170
1,5,71
1,59,62
1,46,139
1,113,167
1,20,157
1,30,169
1,38,112
1,40,137
1,2,173
1,78,168
1,9,141
1,19,74
1,28,92
1,68,165
1,7,149
1,34,174
1,107,154
1,23,112
1,96,138
1,54,128
1,100,164
1,24,74
1,14,86
1,49,80
1,16,84
1,32,133
1,56,124
1,36,168
1,34,171
1,90,168
1,46,70
1,16,147
1,54,72
1,72,161
1,26,173
1,15,97
1,30,109
1,95,178
1,97,172
1,59,61
1,28,104
1,20,107
1,55,129
1,104,146
1,32,121
1,37,151
1,88,133
1,122,168
1,107,147
1,27,106
1,45,133
1,12,83
1,28,165
1,33,78
1,25,100
1,5,96
1,62,155
1,63,159
1,107,177
1,44,66
1,97,137
1,88,135
1,7,168
1,45,121
1,126,138
1,99,152
1,29,154
1,63,150
1,113,162
1,37,112
1,42,154
1,53,116
1,7,89
1,81,141
1,59,116
1,129,174
1,84,136
1,38,78
1,83,140
1,10,111
1,53,125
1,15,117
1,69,137
1,92,148
1,33,95
1,22,132
1,45,92
1,15,80
1,127,145
1,20,68
1,8,148
1,92,141
1,15,87
1,21,91
1,27,82
1,84,134
1,53,141
1,27,120
1,39,134
1,56,140
1,70,166
1,25,102
1,45,91
1,89,178
1,41,140
1,5,166
1,7,82
1,101,144
1,112,157
1,98,178
1,63,177
1,32,113
1,105,160
1,10,115
1,39,83
1,9,103
1,32,152
1,67,132
1,8,165
1,52,96
1,102,164
1,87,132
1,4,108
1,17,155
1,27,173
1,28,126
1,45,115
1,9,78
1,87,164
1,12,113
1,26,84
1,35,141
1,128,134
1,3,160
1,95,131
1,2,178
1,30,94
1,124,135
1,71,165
1,10,76
1,9,172
1,47,143
1,54,164
1,30,90
1,41,80
1,46,95
1,47,63
1,1,100
1,36,93
1,19,131
1,18,169
1,124,174
1,2,67
1,49,178
1,126,172
1,75,144
1,25,169
1,63,156
1,34,106
1,108,176
1,27,151
1,105,147
1,124,162
1,104,138
1,26,63
1,78,161
1,87,178
1,53,111
1,40,98
1,22,122
1,81,164
1,16,137
1,2,164
1,90,163
1,9,119
1,81,137
1,58,152
1,8,70
1,121,174
1,42,111
1,78,152
1,27,96
1,58,165
1,3,100
1,19,86
1,61,175
1,54,140
1,36,115
1,34,120
1,35,85
1,109,171
1,58,135
1,113,151
1,68,141
1,28,117
1,63,175
1,34,152
1,100,159
1,103,142
