UserID,Outcome1ID,Outcome2ID
1,56,76
1,22,73
1,50,136
1,18,89
1,118,169
1,14,60
1,41,138
1,26,68
1,110,173
1,57,123
1,32,111
1,31,76
1,49,138
1,42,118
1,13,63
1,32,109
1,37,169
1,78,145
1,2,93
1,45,62
1,126,167
1,21,137
1,5,99
1,57,91
1,89,162
1,36,62
1,3,94
1,81,147
1,96,156
1,51,163
1,18,122
1,67,171
1,31,139
1,106,138
1,12,110
1,86,177
1,113,149
1,27,158
1,96,137
1,41,148
1,20,108
1,24,175
1,53,136
1,20,126
1,36,174
1,47,153
1,78,173
1,15,155
1,9,168
1,72,173
1,18,168
1,42,131
1,51,96
1,26,100
1,35,92
1,38,137
1,72,145
1,24,118
1,98,134
1,128,174
1,103,175
1,39,85
1,91,177
1,115,171
1,113,163
1,58,139
1,117,160
1,88,175
1,15,133
1,40,120
1,84,151
1,13,64
1,34,102
1,39,68
1,97,173
1,85,147
1,48,91
1,14,102
1,93,137
1,5,112
1,50,63
1,128,178
1,62,174
1,9,86
1,53,147
1,41,178
1,18,160
1,12,84
1,78,164
1,79,167
1,5,167
1,33,76
1,20,138
1,119,171
1,26,116
1,1,67
1,13,157
1,10,84
1,21,116
1,6,172
1,119,155
1,95,151
1,48,116
1,120,132
1,51,165
1,4,118
1,68,157
1,54,127
1,4,163
1,80,154
1,78,167
1,123,157
1,43,157
1,53,102
1,89,175
1,57,74
1,37,110
1,58,88
1,58,163
1,37,107
1,20,174
1,40,168
1,79,147
1,3,129
1,18,68
1,107,139
1,15,136
1,89,143
1,4,114
1,1,66
1,40,133
1,43,168
1,9,68
1,31,100
1,9,118
1,57,142
1,106,142
1,81,136
1,28,69
1,100,176
1,84,176
1,29,86
1,50,177
1,36,101
1,7,60
1,109,140
1,22,150
1,6,107
1,26,156
1,14,172
1,59,102
1,114,153
1,79,177
1,33,178
1,57,84
1,10,64
1,46,132
1,21,119
1,127,176
1,93,150
1,46,100
1,114,136
1,34,66
1,29,81
1,17,106
1,19,76
1,12,71
1,128,140
1,19,174
1,50,110
1,26,129
1,6,122
1,103,161
1,112,175
1,72,166
1,61,163
1,39,111
1,12,92
1,38,166
1,47,173
1,115,167
1,9,96
1,53,163
1,49,84
1,7,85
1,40,70
1,57,119
1,87,169
1,17,123
1,22,135
1,59,112
1,38,145
1,121,156
1,19,141
1,1,72
1,29,76
1,52,101
1,105,157
1,31,144
1,31,137
1,24,81
1,12,98
1,95,162
1,31,64
1,70,131
1,64,154
1,24,132
1,36,129
1,48,135
1,38,158
1,101,167
1,84,139
1,117,172
1,64,156
1,51,152
1,16,112
1,53,178
1,39,117
1,56,158
1,58,145
1,3,97
1,1,110
1,30,96
1,28,75
1,37,82
1,96,164
1,113,134
1,50,157
1,73,166
1,100,166
1,55,148
1,80,171
1,35,118
1,2,130
1,53,86
1,47,127
1,93,136
1,60,148
1,1,97
1,78,149
1,88,134
1,51,127
1,15,103
1,70,147
1,56,107
1,68,160
1,49,72
1,80,131
1,51,109
1,114,162
