UserID,Outcome1ID,Outcome2ID
1,28,93
1,30,71
1,11,163
1,36,111
1,2,165
1,30,161
1,47,145
1,44,154
1,44,123
1,16,141
1,50,85
1,82,177
1,38,102
1,6,173
1,70,175
1,65,166
1,40,88
1,14,124
1,82,165
1,61,155
1,8,62
1,129,145
1,124,159
1,16,133
1,53,162
1,13,89
1,53,75
1,19,142
1,114,159
1,4,167
1,42,79
1,82,137
1,5,128
1,130,139
1,102,137
1,97,150
1,14,108
1,27,142
1,110,131
1,51,178
1,130,135
1,111,176
1,102,140
1,24,160
1,85,152
1,43,96
1,37,165
1,49,78
1,36,106
1,114,170
1,49,85
1,52,95
1,20,171
1,91,159
1,114,141
1,29,69
1,32,134
1,83,173
1,129,139
1,27,166
1,58,102
1,59,123
1,58,150
1,12,142
1,36,173
1,84,160
1,37,161
1,32,163
1,60,163
1,120,154
1,2,77
1,76,159
1,30,135
1,38,171
1,114,150
1,54,145
1,50,73
1,126,151
1,111,151
1,8,141
1,50,173
1,42,143
1,70,133
1,83,164
1,10,73
1,42,157
1,73,136
1,65,132
1,69,154
1,10,123
1,15,162
1,115,156
1,53,158
1,110,159
1,59,89
1,13,79
1,20,137
1,108,131
1,104,167
1,27,94
1,102,178
1,63,163
1,16,100
1,41,175
1,39,61
1,44,113
1,62,139
1,25,115
1,25,85
1,40,122
1,58,67
1,58,169
1,60,155
1,38,71
1,14,126
1,27,154
1,96,166
1,21,104
1,103,133
1,12,128
1,107,141
1,30,148
1,61,158
1,6,118
1,51,68
1,23,114
1,97,168
1,11,112
1,18,145
1,53,118
1,24,124
1,72,152
1,15,86
1,64,163
1,21,152
1,3,106
1,29,66
1,100,137
1,81,171
1,52,117
1,23,84
1,46,72
1,72,148
1,64,144
1,9,174
1,35,130
1,50,72
1,4,89
1,49,69
1,54,103
1,64,170
1,90,153
1,18,124
1,129,156
1,85,168
1,74,145
1,2,104
1,26,125
1,63,141
1,128,144
1,84,168
1,47,165
1,79,168
1,19,106
1,22,84
1,54,154
1,39,60
1,19,162
1,94,151
1,25,150
1,89,158
1,54,113
1,68,133
1,89,138
1,23,115
1,74,170
1,19,101
1,121,139
1,115,133
1,64,143
1,6,174
1,54,69
1,48,170
1,51,93
1,28,100
1,16,136
1,7,176
1,78,132
1,20,93
1,65,170
1,48,176
1,106,155
1,16,128
1,52,121
1,70,167
1,77,153
1,52,131
1,2,86
1,55,131
1,16,151
1,8,134
1,35,104
1,4,143
1,60,176
1,36,147
1,26,157
1,60,178
1,92,142
1,87,153
1,39,123
1,24,101
1,40,136
1,35,176
1,37,114
1,44,167
1,9,121
1,13,60
1,19,175
1,44,152
1,13,114
1,66,131
1,93,131
1,64,160
1,80,142
1,52,147
1,12,175
1,90,143
1,32,137
1,39,91
1,90,177
1,11,77
1,33,99
1,109,151
1,35,111
1,4,79
1,10,102
1,9,127
1,52,166
1,122,177
1,22,117
1,50,160
1,37,96
1,52,130
1,26,72
1,5,78
1,117,137
1,58,170
1,54,106
1,119,153
1,105,178
